15 16
0.72115 0.18750 0.03846 0.05288 0.00000 0.00000 0.00000 0.00000 0.00000 0.00000 0.00000 0.00000 0.00000 0.00000 0.00000 0.00000
0.00000 0.00000 0.00000 0.00000 0.21153 0.78845 0.00001 0.00001 0.00000 0.00000 0.00000 0.00000 0.00000 0.00000 0.00000 0.00000
0.00000 0.00000 0.00000 0.00000 0.00000 0.00000 0.00000 0.00000 0.64423 0.33654 0.00962 0.00962 0.00000 0.00000 0.00000 0.00000
0.00000 0.00000 0.00000 0.00000 0.00000 0.00000 0.00000 0.00000 0.00000 0.00000 0.00000 0.00000 0.10622 0.89376 0.00001 0.00001
0.00000 0.00000 0.00000 0.00000 0.00000 0.00000 0.00000 0.00000 0.00000 0.00000 0.00000 0.00000 0.83437 0.12799 0.01882 0.01882
0.73077 0.21429 0.04945 0.00549 0.00000 0.00000 0.00000 0.00000 0.00000 0.00000 0.00000 0.00000 0.00000 0.00000 0.00000 0.00000
0.00000 0.00000 0.00000 0.00000 0.20879 0.77472 0.00001 0.01648 0.00000 0.00000 0.00000 0.00000 0.00000 0.00000 0.00000 0.00000
0.00000 0.00000 0.00000 0.00000 0.00000 0.00000 0.00000 0.00000 0.64834 0.35164 0.00001 0.00001 0.00000 0.00000 0.00000 0.00000
0.00000 0.00000 0.00000 0.00000 0.00000 0.00000 0.00000 0.00000 0.00000 0.00000 0.00000 0.00000 0.28831 0.70698 0.00470 0.00001
0.00000 0.00000 0.00000 0.00000 0.00000 0.00000 0.00000 0.00000 0.00000 0.00000 0.00000 0.00000 0.40003 0.00001 0.31084 0.28912
0.04945 0.02747 0.73077 0.19231 0.00000 0.00000 0.00000 0.00000 0.00000 0.00000 0.00000 0.00000 0.00000 0.00000 0.00000 0.00000
0.00000 0.00000 0.00000 0.00000 0.00001 0.00548 0.20879 0.78571 0.00000 0.00000 0.00000 0.00000 0.00000 0.00000 0.00000 0.00000
0.00000 0.00000 0.00000 0.00000 0.00000 0.00000 0.00000 0.00000 0.01648 0.00001 0.63186 0.35165 0.00000 0.00000 0.00000 0.00000
0.00000 0.00000 0.00000 0.00000 0.00000 0.00000 0.00000 0.00000 0.00000 0.00000 0.00000 0.00000 0.00001 0.03020 0.28784 0.68195
0.00000 0.00000 0.00000 0.00000 0.00000 0.00000 0.00000 0.00000 0.00000 0.00000 0.00000 0.00000 0.26202 0.15882 0.57916 0.00000
0.875 0.125 0 0 0 0 0 0 0 0 0 0 0 0 0
0 0.875 0.125 0 0 0 0 0 0 0 0 0 0 0 0
0 0 0.875 0.125 0 0 0 0 0 0 0 0 0 0 0
0 0 0 0.83087201 0.152110915 0.017017075 0 0 0 0 0 0 0 0 0
0 0 0 0 0.779957563 0.220042437 0 0 0 0 0 0 0 0 0
0 0 0 0 0 0.857142857 0.142857143 0 0 0 0 0 0 0 0
0 0 0 0 0 0 0.857142857 0.142857143 0 0 0 0 0 0 0
0 0 0 0 0 0 0 0.857142857 0.142857143 0 0 0 0 0 0
0 0 0 0 0 0 0 0 0.882920809 0.089118242 0.027960949 0 0 0 0
0 0 0 0 0 0 0 0 0 0.779928158 0.220071842 0 0 0 0
0 0 0 0 0 0 0 0 0 0 0.857142789 0.142857211 0 0 0
0 0 0 0 0 0 0 0 0 0 0 0.857142857 0.142857143 0 0
0 0 0 0 0 0 0 0 0 0 0 0 0.857142857 0.142857143 0
0 0 0 0 0 0 0 0 0 0 0 0 0 0.923709711 0.076290289
0 0 0 0 0 0 0 0 0 0 0 0 0 0 1
1 0 0 0 0 0 0 0 0 0 0 0 0 0 0