15 16
0.812500000 0.150000000 0.000010000 0.037500000 0.000000000 0.000000000 0.000000000 0.000000000 0.000000000 0.000000000 0.000000000 0.000000000 0.000000000 0.000000000 0.000000000 0.000000000
0.000000000 0.000000000 0.000000000 0.000000000 0.150000000 0.837500000 0.000010000 0.012500000 0.000000000 0.000000000 0.000000000 0.000000000 0.000000000 0.000000000 0.000000000 0.000000000
0.000000000 0.000000000 0.000000000 0.000000000 0.000000000 0.000000000 0.000000000 0.000000000 0.725000000 0.275000000 0.000010000 0.000010000 0.000000000 0.000000000 0.000000000 0.000000000
0.000000000 0.000000000 0.000000000 0.000000000 0.000000000 0.000000000 0.000000000 0.000000000 0.000000000 0.000000000 0.000000000 0.000000000 0.059111768 0.940888232 0.000010000 0.000010000
0.000000000 0.000000000 0.000000000 0.000000000 0.000000000 0.000000000 0.000000000 0.000000000 0.000000000 0.000000000 0.000000000 0.000000000 0.801679440 0.198320560 0.000010000 0.000010000
0.857142857 0.114285714 0.028571429 0.000010000 0.000000000 0.000000000 0.000000000 0.000000000 0.000000000 0.000000000 0.000000000 0.000000000 0.000000000 0.000000000 0.000000000 0.000000000
0.000000000 0.000000000 0.000000000 0.000000000 0.085714286 0.871428571 0.000010000 0.042857143 0.000000000 0.000000000 0.000000000 0.000000000 0.000000000 0.000000000 0.000000000 0.000000000
0.000000000 0.000000000 0.000000000 0.000000000 0.000000000 0.000000000 0.000000000 0.000000000 0.742857143 0.257142857 0.000010000 0.000010000 0.000000000 0.000000000 0.000000000 0.000000000
0.000000000 0.000000000 0.000000000 0.000000000 0.000000000 0.000000000 0.000000000 0.000000000 0.000000000 0.000000000 0.000000000 0.000000000 0.307404542 0.666433128 0.000010000 0.026162330
0.000000000 0.000000000 0.000000000 0.000000000 0.000000000 0.000000000 0.000000000 0.000000000 0.000000000 0.000000000 0.000000000 0.000000000 0.250000000 0.250000000 0.250000000 0.250000000
0.000010000 0.000010000 0.907407407 0.092592593 0.000000000 0.000000000 0.000000000 0.000000000 0.000000000 0.000000000 0.000000000 0.000000000 0.000000000 0.000000000 0.000000000 0.000000000
0.000000000 0.000000000 0.000000000 0.000000000 0.000010000 0.000010000 0.085714286 0.914285714 0.000000000 0.000000000 0.000000000 0.000000000 0.000000000 0.000000000 0.000000000 0.000000000
0.000000000 0.000000000 0.000000000 0.000000000 0.000000000 0.000000000 0.000000000 0.000000000 0.014285714 0.000010000 0.728571429 0.257142857 0.000000000 0.000000000 0.000000000 0.000000000
0.000000000 0.000000000 0.000000000 0.000000000 0.000000000 0.000000000 0.000000000 0.000000000 0.000000000 0.000000000 0.000000000 0.000000000 0.000010000 0.000010000 0.255187429 0.744812571
0.000000000 0.000000000 0.000000000 0.000000000 0.000000000 0.000000000 0.000000000 0.000000000 0.000000000 0.000000000 0.000000000 0.000000000 0.129142120 0.322855300 0.444340780 0.103661799
0.875 0.125 0 0 0 0 0 0 0 0 0 0 0 0 0
0 0.875 0.125 0 0 0 0 0 0 0 0 0 0 0 0
0 0 0.875 0.125 0 0 0 0 0 0 0 0 0 0 0
0 0 0 0.842569421 0.157430579 0 0 0 0 0 0 0 0 0 0
0 0 0 0 0.725876733 0.274123267 0 0 0 0 0 0 0 0 0
0 0 0 0 0 0.857142857 0.142857143 0 0 0 0 0 0 0 0
0 0 0 0 0 0 0.857142857 0.142857143 0 0 0 0 0 0 0
0 0 0 0 0 0 0 0.857142857 0.142857143 0 0 0 0 0 0
0 0 0 0 0 0 0 0 0.894672897 0.105327103 0 0 0 0 0
0 0 0 0 0 0 0 0 0 0.643591248 0.356408752 0 0 0 0
0 0 0 0 0 0 0 0 0 0 0.850746275 0.149253725 0 0 0
0 0 0 0 0 0 0 0 0 0 0 0.857142857 0.142857143 0 0
0 0 0 0 0 0 0 0 0 0 0 0 0.857142857 0.142857143 0
0 0 0 0 0 0 0 0 0 0 0 0 0 0.95874223 0.04125777
0 0 0 0 0 0 0 0 0 0 0 0 0 0 1
1 0 0 0 0 0 0 0 0 0 0 0 0 0 0