24 8
0.97917 0.00001 0.02083 0.00001 0.00000 0.00000 0.00000 0.00000
0.00001 1.00000 0.00001 0.00001 0.00000 0.00000 0.00000 0.00000
0.00000 0.00000 0.00000 0.00000 0.09819 0.90181 0.00001 0.00001
0.00000 0.00000 0.00000 0.00000 0.98200 0.01800 0.00001 0.00001
0.75960 0.21987 0.02053 0.00001 0.00000 0.00000 0.00000 0.00000
0.00001 1.00000 0.00001 0.00001 0.00000 0.00000 0.00000 0.00000
0.00000 0.00000 0.00000 0.00000 0.13164 0.86836 0.00001 0.00001
0.00000 0.00000 0.00000 0.00000 0.50616 0.10030 0.32199 0.07155
0.00001 0.02055 0.28231 0.68348 0.00000 0.00000 0.00000 0.00000
0.35692 0.64308 0.00001 0.00001 0.00000 0.00000 0.00000 0.00000
0.70841 0.22131 0.00001 0.07028 0.00000 0.00000 0.00000 0.00000
0.00000 0.00000 0.00000 0.00000 0.08931 0.00001 0.91069 0.00001
0.00000 0.00000 0.00000 0.00000 0.62764 0.12015 0.01352 0.23869
0.03664 0.76940 0.00001 0.17795 0.00000 0.00000 0.00000 0.00000
0.00001 0.00001 0.16017 0.83983 0.00000 0.00000 0.00000 0.00000
0.16728 0.35845 0.42983 0.04444 0.00000 0.00000 0.00000 0.00000
0.00000 0.00000 0.00000 0.00000 0.06419 0.83362 0.00001 0.10218
0.00000 0.00000 0.00000 0.00000 0.99969 0.00001 0.00001 0.00031
0.00000 0.00000 0.00000 0.00000 0.00001 0.00001 0.93971 0.06029
0.00001 0.00001 1.00000 0.00001 0.00000 0.00000 0.00000 0.00000
0.25822 0.62711 0.02245 0.09222 0.00000 0.00000 0.00000 0.00000
0.00000 0.00000 0.00000 0.00000 0.00001 0.99999 0.00001 0.00001
0.00000 0.00000 0.00000 0.00000 0.00001 0.00085 0.08545 0.91369
0.00000 0.00000 0.00000 0.00000 0.33791 0.12056 0.36374 0.17779
0.791666667 0.208333333 0 0 0 0 0 0 0 0 0 0 0 0 0 0 0 0 0 0 0 0 0 0
0 0.807692308 0.192307692 0 0 0 0 0 0 0 0 0 0 0 0 0 0 0 0 0 0 0 0 0
0 0 0.785482856 0.214517144 0 0 0 0 0 0 0 0 0 0 0 0 0 0 0 0 0 0 0 0
0 0 0 0.81267683 0.18732317 0 0 0 0 0 0 0 0 0 0 0 0 0 0 0 0 0 0 0
0 0 0 0 0.794703828 0.205296172 0 0 0 0 0 0 0 0 0 0 0 0 0 0 0 0 0 0
0 0 0 0 0 0.805029786 0.194970214 0 0 0 0 0 0 0 0 0 0 0 0 0 0 0 0 0
0 0 0 0 0 0 0.769213908 0.230786092 0 0 0 0 0 0 0 0 0 0 0 0 0 0 0 0
0 0 0 0 0 0 0 0.821118241 0.178881759 0 0 0 0 0 0 0 0 0 0 0 0 0 0 0
0 0 0 0 0 0 0 0 0.851417276 0.074291362 0 0.029104701 0.045186661 0 0 0 0 0 0 0 0 0 0 0
0 0 0 0 0 0 0 0 0 0.74211287 0.25788713 0 0 0 0 0 0 0 0 0 0 0 0 0
0 0 0 0 0 0 0 0 0 0 0.64860068 0.146598451 0.20480087 0 0 0 0 0 0 0 0 0 0 0
0 0 0 0 0 0 0 0 0 0 0 0.768213762 0.231786238 0 0 0 0 0 0 0 0 0 0 0
0 0 0 0 0 0 0 0 0 0 0 0 0.877989341 0.122010659 0 0 0 0 0 0 0 0 0 0
0 0 0 0 0 0 0 0 0 0 0 0 0 0.633617377 0.366382623 0 0 0 0 0 0 0 0 0
0 0 0 0 0 0 0 0 0 0 0 0 0 0 0.680469525 0.319530475 0 0 0 0 0 0 0 0
0 0 0 0 0 0 0 0 0 0 0 0 0 0 0 0.761034734 0.238965266 0 0 0 0 0 0 0
0 0 0 0 0 0 0 0 0 0 0 0 0 0 0 0 0.747386935 0.148203017 0.104410048 0 0 0 0 0
0 0 0 0 0 0 0 0 0 0 0 0 0 0 0 0 0 0.488172166 0.511827834 0 0 0 0 0
0 0 0 0 0 0 0 0 0 0 0 0 0 0 0 0 0 0 0.795715411 0.204284589 0 0 0 0
0 0 0 0 0 0 0 0 0 0 0 0 0 0 0 0 0 0 0 0.776700234 0.223299766 0 0 0
0 0 0 0 0 0 0 0 0 0 0 0 0 0 0 0 0 0 0 0 0.815556542 0.184443458 0 0
0 0 0 0 0 0 0 0 0 0 0 0 0 0 0 0 0 0 0 0 0 0.629432631 0.370567369 0
0 0 0 0 0 0 0 0 0 0 0 0 0 0 0 0 0 0 0 0 0 0 0.562969569 0.437030431
0 0 0 0 0 0 0 0 0 0 0 0 0 0 0 0 0 0 0 0 0 0 0 1
1 0 0 0 0 0 0 0 0 0 0 0 0 0 0 0 0 0 0 0 0 0 0 0