24 8
0.85104 0.04259 0.08865 0.01773 0.00000 0.00000 0.00000 0.00000
0.00001 0.99999 0.00001 0.00001 0.00000 0.00000 0.00000 0.00000
0.00000 0.00000 0.00000 0.00000 0.00001 0.99999 0.00001 0.00001
0.00000 0.00000 0.00000 0.00000 0.81847 0.12090 0.03031 0.03031
0.88835 0.11165 0.00001 0.00001 0.00000 0.00000 0.00000 0.00000
0.11428 0.88564 0.00001 0.00001 0.00000 0.00000 0.00000 0.00000
0.00000 0.00000 0.00000 0.00000 0.08227 0.88093 0.00001 0.03680
0.00000 0.00000 0.00000 0.00000 0.60532 0.19967 0.19493 0.00001
0.03997 0.10001 0.00001 0.86002 0.00000 0.00000 0.00000 0.00000
0.00001 0.00001 0.99981 0.00019 0.00000 0.00000 0.00000 0.00000
0.00001 0.00001 0.19889 0.80111 0.00000 0.00000 0.00000 0.00000
0.00000 0.00000 0.00000 0.00000 0.00001 0.27271 0.56031 0.16697
0.00000 0.00000 0.00000 0.00000 0.81935 0.07100 0.00001 0.10966
0.04011 0.64248 0.17221 0.14520 0.00000 0.00000 0.00000 0.00000
0.00001 0.04124 0.06651 0.89225 0.00000 0.00000 0.00000 0.00000
0.09550 0.15936 0.70460 0.04054 0.00000 0.00000 0.00000 0.00000
0.00000 0.00000 0.00000 0.00000 0.06873 0.78003 0.06156 0.08967
0.00000 0.00000 0.00000 0.00000 0.79069 0.20931 0.00001 0.00001
0.00000 0.00000 0.00000 0.00000 0.03986 0.07151 0.77174 0.11687
0.20971 0.00001 0.67738 0.11291 0.00000 0.00000 0.00000 0.00000
0.00001 0.99000 0.00046 0.00001 0.00000 0.00000 0.00000 0.00000
0.00000 0.00000 0.00000 0.00000 0.15162 0.79710 0.00193 0.04935
0.00000 0.00000 0.00000 0.00000 0.00001 0.53021 0.00001 0.46979
0.00000 0.00000 0.00000 0.00000 0.30240 0.00001 0.60372 0.09388
0.858 0.142 0.000 0.000 0.000 0.000 0.000 0.000 0.000 0.000 0.000 0.000 0.000 0.000 0.000 0.000 0.000 0.000 0.000 0.000 0.000 0.000 0.000 0.000
0.000 0.661 0.339 0.000 0.000 0.000 0.000 0.000 0.000 0.000 0.000 0.000 0.000 0.000 0.000 0.000 0.000 0.000 0.000 0.000 0.000 0.000 0.000 0.000
0.000 0.000 0.830 0.170 0.000 0.000 0.000 0.000 0.000 0.000 0.000 0.000 0.000 0.000 0.000 0.000 0.000 0.000 0.000 0.000 0.000 0.000 0.000 0.000
0.000 0.000 0.000 0.757 0.243 0.000 0.000 0.000 0.000 0.000 0.000 0.000 0.000 0.000 0.000 0.000 0.000 0.000 0.000 0.000 0.000 0.000 0.000 0.000
0.000 0.000 0.000 0.000 0.855 0.145 0.000 0.000 0.000 0.000 0.000 0.000 0.000 0.000 0.000 0.000 0.000 0.000 0.000 0.000 0.000 0.000 0.000 0.000
0.000 0.000 0.000 0.000 0.000 0.712 0.288 0.000 0.000 0.000 0.000 0.000 0.000 0.000 0.000 0.000 0.000 0.000 0.000 0.000 0.000 0.000 0.000 0.000
0.000 0.000 0.000 0.000 0.000 0.000 0.847 0.153 0.000 0.000 0.000 0.000 0.000 0.000 0.000 0.000 0.000 0.000 0.000 0.000 0.000 0.000 0.000 0.000
0.000 0.000 0.000 0.000 0.000 0.000 0.000 0.746 0.254 0.000 0.000 0.000 0.000 0.000 0.000 0.000 0.000 0.000 0.000 0.000 0.000 0.000 0.000 0.000
0.000 0.000 0.000 0.000 0.000 0.000 0.000 0.000 0.814 0.163 0.000 0.023 0.000 0.000 0.000 0.000 0.000 0.000 0.000 0.000 0.000 0.000 0.000 0.000
0.000 0.000 0.000 0.000 0.000 0.000 0.000 0.000 0.000 0.534 0.466 0.000 0.000 0.000 0.000 0.000 0.000 0.000 0.000 0.000 0.000 0.000 0.000 0.000
0.000 0.000 0.000 0.000 0.000 0.000 0.000 0.000 0.000 0.000 0.533 0.372 0.095 0.000 0.000 0.000 0.000 0.000 0.000 0.000 0.000 0.000 0.000 0.000
0.000 0.000 0.000 0.000 0.000 0.000 0.000 0.000 0.000 0.000 0.000 0.693 0.307 0.000 0.000 0.000 0.000 0.000 0.000 0.000 0.000 0.000 0.000 0.000
0.000 0.000 0.000 0.000 0.000 0.000 0.000 0.000 0.000 0.000 0.000 0.000 0.863 0.137 0.000 0.000 0.000 0.000 0.000 0.000 0.000 0.000 0.000 0.000
0.000 0.000 0.000 0.000 0.000 0.000 0.000 0.000 0.000 0.000 0.000 0.000 0.000 0.679 0.321 0.000 0.000 0.000 0.000 0.000 0.000 0.000 0.000 0.000
0.000 0.000 0.000 0.000 0.000 0.000 0.000 0.000 0.000 0.000 0.000 0.000 0.000 0.000 0.662 0.338 0.000 0.000 0.000 0.000 0.000 0.000 0.000 0.000
0.000 0.000 0.000 0.000 0.000 0.000 0.000 0.000 0.000 0.000 0.000 0.000 0.000 0.000 0.000 0.745 0.255 0.000 0.000 0.000 0.000 0.000 0.000 0.000
0.000 0.000 0.000 0.000 0.000 0.000 0.000 0.000 0.000 0.000 0.000 0.000 0.000 0.000 0.000 0.000 0.781 0.118 0.101 0.000 0.000 0.000 0.000 0.000
0.000 0.000 0.000 0.000 0.000 0.000 0.000 0.000 0.000 0.000 0.000 0.000 0.000 0.000 0.000 0.000 0.000 0.661 0.339 0.000 0.000 0.000 0.000 0.000
0.000 0.000 0.000 0.000 0.000 0.000 0.000 0.000 0.000 0.000 0.000 0.000 0.000 0.000 0.000 0.000 0.000 0.000 0.752 0.248 0.000 0.000 0.000 0.000
0.000 0.000 0.000 0.000 0.000 0.000 0.000 0.000 0.000 0.000 0.000 0.000 0.000 0.000 0.000 0.000 0.000 0.000 0.000 0.868 0.132 0.000 0.000 0.000
0.000 0.000 0.000 0.000 0.000 0.000 0.000 0.000 0.000 0.000 0.000 0.000 0.000 0.000 0.000 0.000 0.000 0.000 0.000 0.000 0.579 0.421 0.000 0.000
0.000 0.000 0.000 0.000 0.000 0.000 0.000 0.000 0.000 0.000 0.000 0.000 0.000 0.000 0.000 0.000 0.000 0.000 0.000 0.000 0.000 0.770 0.230 0.000
0.000 0.000 0.000 0.000 0.000 0.000 0.000 0.000 0.000 0.000 0.000 0.000 0.000 0.000 0.000 0.000 0.000 0.000 0.000 0.000 0.000 0.000 0.621 0.379
0.000 0.000 0.000 0.000 0.000 0.000 0.000 0.000 0.000 0.000 0.000 0.000 0.000 0.000 0.000 0.000 0.000 0.000 0.000 0.000 0.000 0.000 0.000 1.000
1 0 0 0 0 0 0 0 0 0 0 0 0 0 0 0 0 0 0 0 0 0 0 0