15 16
0.83750 0.07500 0.08750 0.00001 0.00000 0.00000 0.00000 0.00000 0.00000 0.00000 0.00000 0.00000 0.00000 0.00000 0.00000 0.00000
0.00000 0.00000 0.00000 0.00000 0.18750 0.81250 0.00001 0.00001 0.00000 0.00000 0.00000 0.00000 0.00000 0.00000 0.00000 0.00000
0.00000 0.00000 0.00000 0.00000 0.00000 0.00000 0.00000 0.00000 0.75000 0.25000 0.00001 0.00001 0.00000 0.00000 0.00000 0.00000
0.00000 0.00000 0.00000 0.00000 0.00000 0.00000 0.00000 0.00000 0.00000 0.00000 0.00000 0.00000 0.10086 0.89914 0.00001 0.00001
0.00000 0.00000 0.00000 0.00000 0.00000 0.00000 0.00000 0.00000 0.00000 0.00000 0.00000 0.00000 1.00000 0.00001 0.00001 0.00001
0.97143 0.02857 0.00001 0.00001 0.00000 0.00000 0.00000 0.00000 0.00000 0.00000 0.00000 0.00000 0.00000 0.00000 0.00000 0.00000
0.00000 0.00000 0.00000 0.00000 0.22857 0.72857 0.00001 0.04286 0.00000 0.00000 0.00000 0.00000 0.00000 0.00000 0.00000 0.00000
0.00000 0.00000 0.00000 0.00000 0.00000 0.00000 0.00000 0.00000 0.62857 0.37143 0.00001 0.00001 0.00000 0.00000 0.00000 0.00000
0.00000 0.00000 0.00000 0.00000 0.00000 0.00000 0.00000 0.00000 0.00000 0.00000 0.00000 0.00000 0.34286 0.65714 0.00001 0.00001
0.00000 0.00000 0.00000 0.00000 0.00000 0.00000 0.00000 0.00000 0.00000 0.00000 0.00000 0.00000 0.00001 0.00001 0.46667 0.53333
0.14286 0.00001 0.82857 0.02857 0.00000 0.00000 0.00000 0.00000 0.00000 0.00000 0.00000 0.00000 0.00000 0.00000 0.00000 0.00000
0.00000 0.00000 0.00000 0.00000 0.00001 0.00001 0.22857 0.77143 0.00000 0.00000 0.00000 0.00000 0.00000 0.00000 0.00000 0.00000
0.00000 0.00000 0.00000 0.00000 0.00000 0.00000 0.00000 0.00000 0.00001 0.00001 0.62857 0.37143 0.00000 0.00000 0.00000 0.00000
0.00000 0.00000 0.00000 0.00000 0.00000 0.00000 0.00000 0.00000 0.00000 0.00000 0.00000 0.00000 0.00001 0.03840 0.33572 0.62588
0.00000 0.00000 0.00000 0.00000 0.00000 0.00000 0.00000 0.00000 0.00000 0.00000 0.00000 0.00000 0.12913 0.39685 0.47402 0.00001
0.875 0.125 0 0 0 0 0 0 0 0 0 0 0 0 0
0 0.875 0.125 0 0 0 0 0 0 0 0 0 0 0 0
0 0 0.875 0.125 0 0 0 0 0 0 0 0 0 0 0
0 0 0 0.873360035 0.083875883 0.042764082 0 0 0 0 0 0 0 0 0
0 0 0 0 0.685150177 0.314849823 0 0 0 0 0 0 0 0 0
0 0 0 0 0 0.857142857 0.142857143 0 0 0 0 0 0 0 0
0 0 0 0 0 0 0.857142857 0.142857143 0 0 0 0 0 0 0
0 0 0 0 0 0 0 0.857142857 0.142857143 0 0 0 0 0 0
0 0 0 0 0 0 0 0 0.904761905 0.047619048 0.047619048 0 0 0 0
0 0 0 0 0 0 0 0 0 0.666666667 0.333333333 0 0 0 0
0 0 0 0 0 0 0 0 0 0 0.857142857 0.142857143 0 0 0
0 0 0 0 0 0 0 0 0 0 0 0.857142857 0.142857143 0 0
0 0 0 0 0 0 0 0 0 0 0 0 0.857142857 0.142857143 0
0 0 0 0 0 0 0 0 0 0 0 0 0 0.985265116 0.014734884
0 0 0 0 0 0 0 0 0 0 0 0 0 0 1
1 0 0 0 0 0 0 0 0 0 0 0 0 0 0